0.5363780313232935 0.24955101942162725 0.13536405765458484 0.04979765388466758 0.018319533082740414 0.006739379593000293 0.00247927919851517 0.000912075846057742 0.00033553395255369266 0.0001234360429594977
0.28713762500158274 0.4397954592974137 0.17266913539242548 0.0635214250357216 0.02336822634455493 0.008596690048802643 0.003162545531077615 0.0011634354826520754 0.0004280039951970728 0.00015745387057224382
0.38681688839489253 0.5801122987741084 0.020911755800200705 0.007693005037691504 0.002830098394195041 0.001041135015716668 0.0003830121677658686 0.00014090230223957046 5.183506020766285e-05 1.9069052982283078e-05
0.47439178135891896 0.46578415470883494 0.0378287108429964 0.013916405005157598 0.0051195592964128405 0.0018833806130084182 0.0006928570074266653 0.0002548878487038395 9.37679993425596e-05 3.4495319197905006e-05
0.169289814985068 0.7250966434630698 0.06678289407077012 0.024568053750566546 0.00903808188442838 0.0033249245129052477 0.0012231713717448126 0.00044997960069438826 0.0001655382440420003 6.089811671067292e-05
0.26537250408883406 0.49575341073678114 0.1510478911325911 0.05556741377998247 0.020442109128722255 0.007520231682639982 0.002766538628889372 0.0010177526847750305 0.00037441028892577327 0.00013773784785885176
0.04240567462450537 0.4257847860435363 0.3362805527508137 0.12371070182279308 0.045510623853496045 0.016742422870587838 0.006159193169487828 0.002265840541258147 0.0008335561521016456 0.00030664817142017116
0.06863464180759866 0.4999856468406903 0.27277549018971187 0.10034849489625745 0.036916148224830525 0.013580691979152787 0.004996057376012215 0.0018379467955478364 0.0006761428400489811 0.0002487390501492911
0.7744305983712066 0.19102988829512937 0.021840463129297927 0.008034657370931612 0.0029557852636223313 0.0010873726310041676 0.00040002203583893413 0.00014715988300068977 5.413709552114859e-05 1.9915924446965137e-05
0.03045505168780876 0.41058710978036556 0.35344730961764975 0.13002599874569076 0.047833891756323375 0.017597105368371502 0.006473613289151496 0.002381509239173075 0.0008761082880516176 0.00032230222741409814
0.29789532214487924 0.539131234792555 0.10305343447886789 0.03791123988688377 0.013946765743703295 0.005130728387942583 0.0018874894921587725 0.0006943685795923388 0.00025544392502743773 9.397256838973361e-05
0.08221697532090982 0.5528110595276651 0.23078370187538402 0.08490057927739302 0.031233177659699084 0.011490043943458475 0.0042269509449548185 0.0015550083514890788 0.0005720556033627282 0.00021044749568407267
0.11172482867399702 0.863977522718875 0.015364197329769427 0.005652172327723343 0.002079317997327554 0.0007649383428745832 0.00028140509010731075 0.00010352314729147686 3.808403757389741e-05 1.4010334460237595e-05
0.5984607481383295 0.22277111653364798 0.11304093461327465 0.04158543585502903 0.015298426903218943 0.0056279767399583435 0.002070416938021751 0.0007616638261513305 0.00028020046272505405 0.00010307998964327245
0.39272238772670076 0.30881909584412376 0.18872507440176253 0.06942807490595927 0.02554116139801334 0.009396068181970762 0.003456620311992173 0.0012716195487175374 0.0004678026889648894 0.00017209499179490155
0.5480023185982242 0.26694956427007077 0.11701197235520812 0.04304629900040222 0.01583584842076679 0.005825683067507353 0.0021431490313165388 0.0007884204679878462 0.0002900436811714959 0.00010670110734467791
0.4363201583181941 0.34501162658922796 0.1382710590952106 0.050867079950129554 0.01871295294607674 0.006884110672470205 0.002532522787150701 0.0009316630676909436 0.0003427396887022159 0.0001260868851470453
0.28496602853277636 0.5392161160553373 0.111175376198858 0.04089913526806075 0.01504595102680942 0.005535096055635538 0.002036248043777456 0.0007490937924312933 0.00027557620574462054 0.00010137882056947742
0.17932794940722582 0.4810651720952883 0.21474452858173862 0.07900009716927484 0.029062511599122466 0.010691500526123733 0.0039331832388345795 0.001446937251927349 0.0005322984676491756 0.0001958216628151938
0.2932476246856542 0.6652051988248538 0.026271637572865877 0.009664795348964566 0.0035554795120134397 0.0013079878159760166 0.00048118182680031226 0.00017701690154515263 6.512087881833097e-05 2.3956632508280817e-05
0.0025120478325526387 0.3972838599503238 0.37952866386642026 0.13962079277172287 0.05136361922077517 0.01889561953548152 0.00695130995530113 0.0025572440217656632 0.000940757501666164 0.0003460853439907906
0.19974012180328296 0.7010461595490559 0.06273607688423476 0.023079312905460923 0.008490404734281821 0.0031234453489669646 0.0011490513295075075 0.0004227123609765247 0.00015550718713230492 5.720789710037524e-05
0.553451524322081 0.24621800300981087 0.12667550523122936 0.04660131407457478 0.01714366537960944 0.006306802039480923 0.0023201428098631543 0.0008535328403303972 0.00031399718432222046 0.00011551310869786484
0.5574433503846464 0.17265219280066316 0.17066940928056032 0.06278576691119271 0.023097592844810007 0.008497129548154209 0.0031259192697363205 0.0011499614340976408 0.00042304716974455046 0.00015563035639478554
0.16501994946621315 0.32537372130242864 0.3222407373408617 0.11854574237562973 0.04361054145840044 0.01604342162090037 0.005902044980374663 0.002171241009148947 0.0007987549290942332 0.00029384551694812156
0.31469862561209155 0.4043946765862347 0.17762648584080415 0.06534513234836214 0.024039130771589406 0.008843501994499533 0.0032533425717350233 0.0011968378472291435 0.0004402920384114894 0.00016197438904305393
0.24909079856096558 0.6313591344997762 0.07559541455806021 0.02780999886274271 0.010230726840604233 0.0037636740728991614 0.0013845783146895895 0.0005093578966661037 0.00018738229838178747 6.893409521411243e-05
0.01586135722331591 0.44051437101191904 0.3437513942067567 0.12645907080268584 0.04652169229795192 0.017114374164920346 0.006296026403789866 0.0023161786750268616 0.0008520745166220937 0.00031346069701136263
0.14495849339292938 0.4708869279031858 0.24291349536635737 0.0893628809283773 0.03287476669740158 0.012093950801281636 0.004449115862330405 0.0016367382571411092 0.0006021223553809917 0.00022150843561439184
0.11521203091323833 0.5546866216537912 0.20873387062216023 0.07678889967803244 0.028249057501724524 0.010392247487354357 0.0038230941981632466 0.0014064377571660785 0.0005173995361486737 0.00019034065222073757
0.507118739149468 0.4081178451081125 0.05359867808071653 0.01971785173986203 0.007253792279161796 0.0026685210500317644 0.000981694032639916 0.00036114505212891197 0.00013285783995901554 4.8875667919367555e-05
0.12981380486487487 0.34249107075863106 0.3336788737038229 0.12275359758887866 0.045158524882780784 0.01661289289800407 0.0061115417555587595 0.002248310565730892 0.00082710723450093 0.0003042757472170592
0.04708954383944558 0.4049242260115946 0.3465096030541491 0.12747375913209866 0.0468949752735395 0.017251697297378316 0.006346544761018417 0.002334763340053 0.0008589114328062679 0.0003159758579165327
0.1455098487055412 0.390933330072103 0.2931221283993545 0.10783360479053829 0.03966976626984539 0.014593691446752455 0.005368719054059749 0.0019750413654139754 0.0007265771137989756 0.00026729278259232664
0.32908195138921054 0.48450932454470447 0.11787232858827734 0.04336280637063209 0.015952284975253597 0.0058685176821038874 0.0021589070053971058 0.0007942175026865994 0.00029217629105692466 0.00010748565067756614
0.5651060488655211 0.23775601859346873 0.12465675776767647 0.045858658385816674 0.016870457619846315 0.006206294521495562 0.0022831681603131715 0.0008399306269164397 0.00030899320965279906 0.00011367224929284203
0.23070824237601548 0.34132769939998014 0.2706156610839139 0.09955393817179067 0.03662384714105467 0.013473160419799516 0.004956498726049041 0.0018233939815058872 0.000670789158951757 0.00024676954093903416
0.16189657849577066 0.4013890405261007 0.2761487761465006 0.10158945744895234 0.03737267283523061 0.01374863799770778 0.0050578412634651945 0.0018606758175374377 0.0006845043799568891 0.0002518150887779451
0.2959380669886514 0.43954310033879346 0.1672639031181467 0.061532951207258074 0.02263670770375573 0.008327579380018942 0.003063545248632194 0.0011270153140702389 0.000414605763931817 0.0001525249367416958
0.08809654734715183 0.6095967767877918 0.1911583913817415 0.07032324219674693 0.025870475040703254 0.009517215900813659 0.0035011880670992933 0.0012880151095606104 0.0004738342787255315 0.00017431388966542195
0.16348415481266249 0.34923639101138126 0.30812272453827017 0.11335201571536109 0.04169987619702359 0.015340527152279366 0.0056434645560558706 0.002076114587152675 0.000763759874129606 0.00028097155568397055
0.06126081092360727 0.5504546300435484 0.2455250169077293 0.09032360601362438 0.03322819770488167 0.01222397080280607 0.004496947547832324 0.0016543345508738432 0.0006085956700860785 0.00022388983501062603
0.4788923231270066 0.26846485714968016 0.1597543119888418 0.058770327019183374 0.0216203950612801 0.007953698853049534 0.0029260022893058037 0.00107641608705618 0.00039599134857417815 0.0001456770760221945
0.03327814380233174 0.4586456848888108 0.32127316847660087 0.11818979368255057 0.04347959525210477 0.0159952492037048 0.0058843233384568774 0.0021647215814235925 0.0007963565656658721 0.00029296320835037003
0.22248099085745596 0.32389769851545186 0.28683958032954404 0.10552238451748369 0.03881951584736996 0.014280901796476411 0.005253650172311988 0.001932709889500386 0.0007110042340959221 0.00026156384030973713
0.2634098070948346 0.6581515788513738 0.04959929926069249 0.018246562494518687 0.0067125352137833326 0.0024694037032902405 0.0009084428543931038 0.000334197449610325 0.00012294437100356762 4.522870649996693e-05
0.31706352951205463 0.2984895753419461 0.24309833660642952 0.08943088022048047 0.03289978223898055 0.012103153504738309 0.004452501347735312 0.0016379837076199606 0.0006025805310071583 0.00022167698900770437
0.008009479965612376 0.9532283333474469 0.02451059749941453 0.00901694491086277 0.0033171486548818764 0.0012203107934405462 0.00044892725274638747 0.0001651511068669719 6.0755696903066766e-05 2.235077182468173e-05
0.5996041193747426 0.2260376575675669 0.1102524029564099 0.04055959238741275 0.014921040181622889 0.0054891439237120645 0.0020193431991648125 0.0007428748476421038 0.0002732883838108975 0.00010053717791499962
0.20552223050613905 0.3440677588766766 0.28480897037896474 0.10477536486362744 0.03854470267456524 0.014179803680038454 0.005216458253733307 0.0019190277472775673 0.0007059708552609633 0.0002597121637167284
0.10915020522366879 0.45759175404465974 0.273963219245747 0.10078543599765474 0.037076889873037394 0.013639825526868106 0.0050178113925002125 0.001845949650976675 0.0006790869260319182 0.00024982211885545463
0.7197464297822931 0.2586747941962037 0.013644965333477187 0.005019702221683291 0.0018466452481598968 0.0006793428219349621 0.0002499162576972645 9.193905322132785e-05 3.3822487520893585e-05 1.2442597808214413e-05
0.2853398291405956 0.6014270931224058 0.07160097582850088 0.02634052697511885 0.009690138343768025 0.0035648026787793463 0.0013114176173558065 0.00048244358021523853 0.00017748107468633186 6.529163857411478e-05
0.01905321015060525 0.42119087322136617 0.35395196048131533 0.13021164942340271 0.04790218882389315 0.017622230455422723 0.0064828562921352825 0.0023849095499454964 0.0008773591924783853 0.0003227624094355763
0.44048755757862057 0.5156390806252723 0.027742560568515748 0.010205917678610465 0.003754547292248962 0.0013812207597243002 0.0005081227212217704 0.0001869279027295775 6.876693239550671e-05 2.5297940660733356e-05
0.13425542814049166 0.679018027409297 0.11807329680442412 0.04343673844568139 0.015979483065707376 0.005878523300420955 0.0021625878666721634 0.0007955716158754972 0.00029267444146013926 0.00010766890996952005
0.21420685784994337 0.6548292995858932 0.08281271791997145 0.030465096390287386 0.011207482635293049 0.004123002448810251 0.001516767836816803 0.000557987704194983 0.00020527220479978642 7.551542398977528e-05
0.09533454003338948 0.3531553924488987 0.3487378405913254 0.12829348191207232 0.04719653443175171 0.017362634711981555 0.006387356355107661 0.0023497770864798666 0.0008644346814516734 0.00031800774754165535
0.29917528716919845 0.6150723684583955 0.05422400997442568 0.019947898487466437 0.007338421748113812 0.002699654491776468 0.000993147385790701 0.00036535850528556196 0.000134407882751686 4.9445896795726985e-05
0.5863177688790947 0.3625600392531202 0.03232623273498835 0.011892156433725501 0.00437487986316231 0.0016094283592523466 0.0005920756054072245 0.00021781244284845315 8.012871975527567e-05 2.9477708645353927e-05
0.26162721583636417 0.4930572662663623 0.15512101956740854 0.05706583399240262 0.020993347119107376 0.0077230208064953286 0.002841140578448923 0.0010451972082892984 0.0003845065648994187 0.00014145206022194906
0.1832872344103595 0.8080596391596822 0.005471654650167229 0.0020129092549866444 0.0007405079318533109 0.0002724176441532165 0.00010021685069632612 3.6867719030126324e-05 1.3562875874068621e-05 4.989503197230002e-06
0.1641389498055777 0.4860894434176643 0.22117201848462628 0.08136463856288423 0.02993237776563024 0.011011506405352556 0.0040509068228568555 0.0014902453382301631 0.0005482306222364594 0.0002016827749414208
0.414927903793518 0.3820935338941783 0.12834997886027044 0.04721731849748273 0.017370280742467954 0.006390169172530177 0.002350811864181379 0.0008648153548942424 0.0003181477894749765 0.00011704003100198402
0.24583814487392078 0.3465842676499735 0.2577246293428257 0.09481159261875582 0.03487923570916234 0.012831353741173657 0.00472039124377606 0.0017365348928709068 0.0006388354859640597 0.00023501444157694506
0.13815946352257322 0.8543820389491212 0.004716251751820431 0.001735012058883536 0.0006382752666477889 0.00023480834840794188 8.638116399470297e-05 3.177785433811005e-05 1.169041929553142e-05 4.300664917499945e-06
0.09034582178545489 0.4649116168981871 0.2812252569578719 0.10345699037295719 0.03805969980368278 0.014001381094931674 0.005150820252831861 0.0018948808761863325 0.000697087717817881 0.0002564442400783181
0.059140484119721275 0.735587425821767 0.129800251413134 0.047750843953776455 0.01756655378918003 0.006462373991271632 0.0023773745325498708 0.0008745872144896654 0.00032174265572214647 0.000118362508388079
0.08977260711692088 0.365196044617303 0.3446411346655628 0.12678638802545902 0.04664210557495151 0.017158671733972578 0.0063123225687380545 0.002322173699081239 0.0008542799627210272 0.0003142720352897721
0.35378275128995257 0.5147144744517106 0.08315350204400056 0.030590463863395312 0.011253602751241069 0.004139969091291971 0.0015230095157715336 0.0005602838895608208 0.0002061169241889969 7.582617888662471e-05
0.16858540938028635 0.3369591981491752 0.3126603048517769 0.11502129822536449 0.042313970913960906 0.0155664399735726 0.005726573238506689 0.0021066885628091775 0.0007750074112085092 0.00028510929333911263
0.19031761513972137 0.34212806034321586 0.2956498803822465 0.1087635127774246 0.04001186030040199 0.014719540807541703 0.005415016446578682 0.001992073224301535 0.000732842784528642 0.0002695977940389205
0.25624182705745285 0.41033989575236945 0.21083127371423432 0.07756049115545592 0.028532910143251725 0.01049667103849442 0.0038615094758017903 0.001420569948036192 0.0005225984786284991 0.00019225323627489822
0.3121670640271571 0.3229625083916997 0.23071949635116137 0.08487695938502188 0.031224488386893054 0.011486847338634407 0.004225774979758495 0.001554575738069818 0.0005718964537798071 0.00021038894782444506
0.05244359840628321 0.4115447531419336 0.33893768368402133 0.12468820566562085 0.04587022742093847 0.016874713630021812 0.006207860220140545 0.002283744148655731 0.0008401425211860215 0.00030907116119828027
0.6902598297922542 0.14538103403908126 0.10392965351820152 0.038233582857417604 0.014065349095568825 0.005174352765159111 0.0019035380036706406 0.0007002724970389582 0.0002576158548784225 9.477157672957744e-05
0.6121906201813824 0.36697996248012166 0.013171121347062715 0.004845384760758686 0.0017825174380485282 0.0006557515189876436 0.00024123750235249876 8.874631755503174e-05 3.264794570816845e-05 1.2010508022516595e-05
0.1745508095430187 0.38250411536488876 0.2800886476713645 0.10303885518380657 0.037905876463963935 0.01394479265067678 0.0051300025275826085 0.001887222463055177 0.0006942703450749315 0.00025540778656807026
0.27028847300001013 0.32503229867292244 0.2558919021263617 0.09413736995454336 0.034631203052226736 0.012740107625947919 0.004686823673897751 0.0017241860740225907 0.0006342926093870138 0.00023334321068047058
0.1820977577787703 0.3207321004074751 0.31437692958713526 0.1156528091737092 0.042546290808731596 0.01565190568663385 0.0057580143172669815 0.0021182550892933413 0.000779262498507798 0.00028667465247691066
0.504550431992739 0.2288202407907281 0.16859843779520017 0.06202389907847642 0.02281731733226384 0.008394021949224688 0.0030879881038615984 0.0011360073379926667 0.0004179137446674 0.00015374187484610798
0.07325308833441314 0.41314309492270274 0.32476847934353253 0.11947564669099787 0.043952634138280974 0.016169270484803665 0.005948342190099468 0.002188272800790306 0.0008050205750854046 0.00029615051929393176
0.0908600980406103 0.4667042276222995 0.27976653692532744 0.10292035726255913 0.037862283514915454 0.013928755700941809 0.005124102863476013 0.0018850520979205433 0.0006934719123620645 0.0002551140595878477
0.20943567629118198 0.3751553017668129 0.2626767013089148 0.09663335808628144 0.035549425771301095 0.013077902886711918 0.004811091605657972 0.001769901691314072 0.0006511104451290114 0.00023953014669494976
0.06210269801548191 0.4855982899769946 0.2860034476959535 0.1052147885114932 0.03870635760057961 0.014239273203883235 0.005238335868932057 0.001927076072131047 0.0007089316685104277 0.0002608013860403543
0.025057356142595487 0.6805831963876127 0.18613309912964401 0.06847454049132211 0.02519037569041888 0.009267021331889983 0.003409146628899522 0.0012541549567110625 0.0004613778246172601 0.0001697314162890934
0.751730523799064 0.16370036215145634 0.053475814769944986 0.019672652853754923 0.007237164538199141 0.0026624040459784794 0.00097944371260715 0.0003603172056528011 0.00013255329226000812 4.876363108204666e-05
0.28634616425173187 0.6919187618554917 0.013743797585737258 0.00505606057541444 0.0018600207390124255 0.0006842633900351842 0.0002517264335402202 9.260497969885645e-05 3.406746818130807e-05 1.2532721156665505e-05
0.6177090352317194 0.3043320611270736 0.04929596268852985 0.01813497120586463 0.006671483072873679 0.0024543014646335056 0.0009028870512756263 0.00033215358386420884 0.00012219247481505698 4.4952099350318695e-05
0.04753742020950814 0.41430486136265204 0.34029471386948373 0.12518742917190154 0.04605388148544865 0.016942276184642686 0.0062327150949785855 0.002292887746121535 0.0008435062627120384 0.0003103086125511165
0.2695191537918162 0.4384423505970822 0.18466548541416078 0.0679346355778146 0.024991755772552016 0.009193953147499604 0.003382266346058577 0.0012442662532810055 0.00045773997392550066 0.00016839312580954377
0.3400183739241071 0.626683130898753 0.02105572678896466 0.007745969004582888 0.002849582748737266 0.001048302909177248 0.00038564908840652316 0.00014187237113126792 5.21919286094383e-05 1.920033753049998e-05
0.05054549090155416 0.5133436118428153 0.27576717366521986 0.10144907374138916 0.03732102855534269 0.013729639128882911 0.005050851970219012 0.001858104600243849 0.0006835584819757934 0.0002514671123572543
0.17460957770639077 0.34803587998038177 0.3018468783934377 0.11104326094272217 0.04085053278146328 0.015028071171200395 0.005528518424345864 0.0020338282684543795 0.0007482036068376793 0.000275248724765903
0.33354143455361956 0.5200509655010614 0.09257831045749583 0.034057657115699864 0.012529111867332262 0.004609202672128679 0.0016956309032686169 0.0006237877491274868 0.0002294786885586117 8.442049170769753e-05
0.2131276223890715 0.4401531346768662 0.21924190906705585 0.08065459098894869 0.02967116586092569 0.01091541191582252 0.004015555635748891 0.0014772403632721377 0.0005434463593164525 0.0001999227429719914
0.4571965873728483 0.33056381650330113 0.1342060332159386 0.049371640501315525 0.018162811517341303 0.0066817249511017555 0.002458069241072596 0.000904273138766498 0.00033266349695576546 0.0001223800613582248
0.019224903654605937 0.6267685432423774 0.22384991345667438 0.0823497810687171 0.03029479144015027 0.011144830945407875 0.004099954180146846 0.0015082888526209406 0.0005548684602273076 0.0002041246990720806
0.2075098276315319 0.32465629289569387 0.29582665211738496 0.10882854346456225 0.04003578375324518 0.014728341754004547 0.005418254133845213 0.001993264302883834 0.0007332809578518895 0.0002697589889962131
0.3834015067110583 0.2886545387778071 0.20736968056801616 0.07628704220326228 0.02806443445435837 0.010324328463861929 0.0037981081857559416 0.0013972459168845764 0.0005140180470825775 0.00018909667191277475
